1
6
8
10
13
14
16
20
37
42
43
50
56
60
61
71
72
77
86
96
99
106
109
115
121
122
131
135
137
138
143
147
158
161
167
168
173
185
189
200
211
213
216
217
219
222
223
229
232
237
238
241
245
254
257
260
262
264
267
272
274
275
283
284
286
290
297
300
304
312
315
321
322
326
334
342
343
344
353
354
356
357
372
373
378
381
389
395
396
399
400
401
407
409
410
414
416
419
425
427
430
431
439
440
450
454
461
463
466
468
469
471
475
477
478
483
488
491
498
501
502
504
507
508
515
516
518
520
522
530
533
535
539
540
541
542
543
546
547
548
549
555
556
557
564
565
567
569
571
572
574
575
581
586
597
598
600
601
606
607
609
613
614
617
618
620
622
623
626
627
630
632
635
636
637
639
641
642
643
646
647
655
659
668
669
677
679
680
682
688
692
693
696
697
699
701
703
704
706
711
713
715
718
721
724
725
729
730
731
734
740
742
747
751
752
754
756
759
768
774
779
785
802
812
815
820
824
827
838
841
847
858
859
865
868
878
880
892
910
913
914
924
927
933
938
947
953
967
1004
1006
1016
1019
1028
1029
1054
1065
1066
1068
1070
1083
1096
1100
1111
1113
1115
1117
1123
1127
1147
1149
1153
1154
1169
1186
1190
1191
1192
1193
1198
1200
1204
1223
1224
1235
1236
1258
1259
1265
1269
1274
1293
1305
1312
1323
1327
1336
1337
1343
1350
1363
1373
1382
1386
1391
1392
1397
1399
1400
1404
1405
1407
1409
1421
1425
1436
1439
1443
1454
1457
1463
1467
1474
1478
1483
1490
1504
1519
1520
1529
1530
1534
1540
1548
1559
1568
1570
1590
1603
1610
1611
1616
1634
1635
1636
1639
1640
1643
1644
1645
1650
1666
1668
1672
1674
1685
1687
1692
1693
1695
1705
1708
1711
1716
1725
1728
1730
1734
1742
1747
1749
1754
1755
1766
1769
1771
1782
1784
1786
1790
1797
1798
1800
1805
1806
1808
1810
1814
1818
1819
1820
1822
1823
1824
1831
1833
1842
1844
1847
1848
1853
1854
1857
1858
1862
1868
1878
1880
1883
1890
1895
1896
1897
1898
1899
1910
1913
1914
1915
1917
1935
1943
1947
1950
1952
1956
1962
1966
1969
1972
1977
1988
1996
1999
